flowtube_testing/tv_dem/tv.bil
NCOLS 85
NROWS 97
XLLCORNER -20.138748
YLLCORNER -219.09288
DX 0.98971445
DY 0.98755464
NODATA_VALUE -9999
[rows 27 to 53 of 97, columns 0 to 60 of 85]
-9999 -9999 -9999 50.369899 50.393493 50.658173 50.771716 50.874822 51.049203 51.223584 51.384773 51.536491 51.778529 52.085698 52.357892 52.576189 52.793981 53.04797 53.327353 53.624313 53.875088 54.173938 54.477339 54.735104 54.994172 55.266692 55.541807 55.919215 56.337881 56.662249 56.864765 57.046805 57.458667 57.814455 58.128755 58.400151 58.762179 59.009505 59.139675 59.347142 59.660985 59.753153 60.00314 60.333911 60.697476 60.971992 61.050288 61.103475 61.255723 61.429056 61.602388 61.75922 61.881855 61.987133 62.092411 62.197689 62.267957 62.330879 62.376268 -9999 -9999
-9999 -9999 -9999 50.574804 50.593793 50.774426 50.919255 51.064084 51.217954 51.382201 51.554772 51.768963 51.988475 52.27943 52.54803 52.796932 53.014725 53.271009 53.550393 53.829776 54.121274 54.414251 54.701377 54.957266 55.213154 55.473266 55.743116 56.14252 56.555222 56.813096 57.047787 57.344576 57.756438 58.126263 58.347242 58.622978 59.011858 59.231791 59.316901 59.553395 59.932308 60.231288 60.328843 60.574267 60.899951 61.091804 61.171062 61.270773 61.444105 61.617438 61.79077 61.964103 62.119271 62.224549 62.329827 62.435106 62.540384 62.609757 62.673989 62.705674 -9999
-9999 -9999 -9999 50.78465 50.832865 50.941975 51.063927 51.192661 51.386313 51.644156 51.893393 52.013547 52.244277 52.473162 52.738167 52.991545 53.235468 53.494049 53.759844 54.015013 54.319893 54.630082 54.85049 55.097107 55.39725 55.652085 55.981896 56.386664 56.755809 56.998626 57.238493 57.525907 57.896975 58.294334 58.513888 58.847981 59.191621 59.422292 59.470835 59.688151 60.163739 60.388009 60.55728 60.796596 61.102426 61.211617 61.322191 61.507708 61.723167 61.893284 62.063401 62.233517 62.373194 62.462842 62.56764 62.672522 62.7778 62.883078 62.951557 63.015789 63.035081
-9999 -9999 -9999 51.019402 51.063004 51.15281 51.273347 51.393884 51.664013 51.845662 52.026192 52.23222 52.457287 52.708937 52.930597 53.159922 53.419026 53.687162 53.942331 54.202676 54.490459 54.726526 55.008964 55.306219 55.606363 55.869857 56.250688 56.655194 56.966891 57.223165 57.48758 57.792935 58.046605 58.390393 58.736991 59.072984 59.361004 59.615217 59.658128 59.880993 60.42642 60.595489 60.834806 61.074122 61.273503 61.393519 61.511791 61.732433 61.95946 62.186486 62.369413 62.523096 62.635292 62.728142 62.815473 62.914775 63.023942 63.133109 63.219607 63.272546 63.323704
-9999 -9999 -9999 51.254155 51.299566 51.395228 51.483867 51.636823 51.845367 52.029837 52.21947 52.437589 52.691448 52.945307 53.165884 53.37691 53.580527 53.841116 54.111857 54.387819 54.659056 54.932429 55.225718 55.52056 55.817953 56.120313 56.521625 56.912838 57.177972 57.443106 57.748104 58.081095 58.307989 58.567392 58.889072 59.190888 59.464226 59.735897 59.805444 60.161625 60.617143 60.799336 60.98153 61.226963 61.434044 61.583119 61.730132 61.957158 62.184185 62.411211 62.651432 62.785194 62.897391 62.993912 63.107389 63.201717 63.310884 63.428059 63.491051 63.523427 63.577559
-9999 -9999 -9999 51.502583 51.521942 51.624798 51.751988 51.861352 52.051244 52.219937 52.39566 52.622105 52.835729 53.063581 53.344035 53.547422 53.761451 54.012512 54.283253 54.569468 54.862823 55.149183 55.442472 55.735762 56.035425 56.332395 56.697583 57.069012 57.357948 57.625986 57.856383 58.338826 58.453463 58.728785 59.106248 59.395719 59.582219 59.85265 59.9483 60.450877 60.717278 60.888091 61.15536 61.429984 61.594585 61.758604 61.958699 62.200797 62.442895 62.684993 62.884417 63.01956 63.154702 63.279664 63.399497 63.488659 63.606943 63.728188 63.762494 63.79329 63.82844
-9999 -9999 -9999 51.76301 51.79839 51.847174 51.979659 52.204857 52.357036 52.522645 52.671498 52.785018 52.927842 53.175504 53.51434 53.721969 53.945934 54.195045 54.454649 54.747854 55.051631 55.331123 55.632786 55.93445 56.236098 56.536543 56.847337 57.20507 57.529236 57.771838 57.96311 58.251243 58.491177 58.881374 59.271571 59.658839 59.718063 59.969403 60.216627 60.635825 60.825849 61.086379 61.358381 61.591107 61.779937 61.971259 62.215828 62.471013 62.718553 62.960651 63.111533 63.256395 63.411642 63.487642 63.598064 63.747103 63.941625 64.027537 64.042392 64.064734 64.09553
-9999 -9999 -9999 52.023437 52.046716 52.06955 52.19819 52.433967 52.682459 52.868793 52.932705 53.009903 53.167677 53.431324 53.750294 53.946514 54.168011 54.417122 54.658805 55.003565 55.226217 55.49502 55.790036 56.06516 56.345098 56.669986 57.052297 57.346263 57.681986 57.929901 58.140503 58.351105 58.63656 59.023488 59.410415 59.699535 59.871958 60.109459 60.427991 60.7859 61.025494 61.296378 61.576896 61.813329 62.010519 62.206371 62.461557 62.716742 62.971439 63.202631 63.38097 63.536216 63.674034 63.743218 63.855926 63.998573 64.299043 64.359204 64.374059 64.388914 64.403768
-9999 -9999 -9999 52.283864 52.306685 52.346037 52.416721 52.663076 52.887793 53.057887 53.101302 53.253781 53.411555 53.604531 53.906019 54.19743 54.421706 54.581609 54.946301 55.268567 55.496687 55.83609 55.987226 56.192684 56.454099 56.922155 57.261991 57.505487 57.842142 58.188762 58.491834 58.741 59.002725 59.285533 59.555798 59.815298 60.049545 60.28648 60.65736 60.959263 61.234435 61.521208 61.808058 62.024739 62.235932 62.4521 62.701927 62.946582 63.191236 63.403676 63.601355 63.799033 63.936551 64.032392 64.149453 64.266514 64.543621 64.673961 64.669855 64.665749 64.661643
-9999 -9999 -9999 52.544291 52.567343 52.621187 52.639658 52.835242 53.030826 53.226411 53.339885 53.497659 53.655433 53.813207 54.043362 54.307051 54.552855 54.8689 55.245365 55.532582 55.770077 55.989809 56.267254 56.573441 56.844296 57.15429 57.465184 57.678607 58.005179 58.351693 58.687447 58.889112 59.184256 59.47721 59.776103 59.982749 60.227131 60.506934 60.818283 61.143288 61.478482 61.754103 62.024956 62.237192 62.451071 62.7225 62.934041 63.166379 63.407042 63.606831 63.843636 64.080441 64.045296 64.294262 64.391159 64.503849 64.784726 64.844643 64.903924 64.918041 64.913935
-9999 -9999 -9999 52.804718 52.828001 52.869513 52.969208 53.226843 53.388877 53.477015 53.587253 53.74563 53.904007 54.062384 54.285514 54.521765 54.80206 55.173156 55.541804 55.796598 56.034093 56.248343 56.489186 56.742391 57.007643 57.272895 57.598792 57.845261 58.150929 58.485774 58.821527 59.058429 59.350896 59.679293 59.99023 60.139075 60.413748 60.706474 61.030552 61.378333 61.733002 62.008623 62.243386 62.456965 62.670845 63.000559 63.245058 63.456599 63.674592 63.905947 64.142752 64.318297 64.29625 64.544926 64.629641 64.726176 64.908066 64.967983 65.0279 65.087817 65.14517
-9999 -9999 -9999 53.065145 53.088659 53.11784 53.276667 53.539044 53.767863 53.79047 53.876154 53.995037 54.153414 54.331075 54.555331 54.791333 55.040911 55.464096 55.823118 56.048087 56.234003 56.470344 56.711186 56.952028 57.19287 57.436242 57.701493 57.994623 58.321056 58.636929 58.946132 59.222552 59.528886 59.859896 60.170024 60.339664 60.628467 60.917817 61.265598 61.615355 61.97303 62.251275 62.463999 62.676739 62.909283 63.258491 63.556075 63.768265 63.99171 64.215155 64.441868 64.535973 64.618338 64.79559 64.880305 64.965019 65.051711 65.130974 65.210236 65.289499 65.368761
-9999 -9999 -9999 53.325572 53.349317 53.373856 53.561352 53.726742 53.939599 54.103925 54.19065 54.28369 54.40282 54.600891 54.820518 55.006333 55.136612 55.603516 56.044112 56.230029 56.451502 56.692344 56.933186 57.174028 57.414871 57.655713 57.906345 58.153868 58.479236 58.75845 59.053064 59.386676 59.70796 59.999833 60.276359 60.537929 60.783242 61.113965 61.488024 61.850796 62.201771 62.465456 62.678364 62.891273 63.165762 63.516422 63.86563 64.085382 64.307599 64.504267 64.700935 64.784594 64.909802 65.090046 65.21539 65.340734 65.456437 65.491711 65.566301 65.624238 65.700803
-9999 -9999 54.001048 53.585999 53.609975 53.634514 53.68562 53.901492 54.122946 54.3444 54.457177 54.55557 54.693063 54.860752 55.07953 55.248124 55.403238 55.793674 56.226054 56.43266 56.673502 56.914344 57.155187 57.411933 57.669936 57.897236 58.10292 58.373643 58.620807 58.906157 59.243004 59.5831 59.86944 60.167699 60.424307 60.648713 60.935018 61.339827 61.704427 62.007034 62.358009 62.636866 62.852913 63.065822 63.385879 63.744914 64.102611 64.327735 64.524403 64.721071 64.879692 64.990677 65.167268 65.357139 65.514588 65.639932 65.652026 65.839017 65.792553 65.881177 65.958679
-9999 -9999 54.229481 53.846426 53.870634 53.894572 53.944027 54.151967 54.359907 54.566821 54.800652 54.968622 54.955525 55.114716 55.322839 55.500959 55.698033 56.065787 56.413818 56.659378 56.91738 57.175382 57.433385 57.682443 57.888127 58.093811 58.299496 58.586634 58.840845 59.104718 59.554664 59.841858 60.116796 60.391349 60.637942 60.879739 61.220865 61.562967 61.897426 62.185588 62.514247 62.779331 63.027462 63.24037 63.601698 63.966368 64.285746 64.513608 64.741207 64.937876 65.045813 65.215224 65.42466 65.610025 65.795389 65.878079 65.847614 66.034605 66.221597 66.334982 66.158312
-9999 -9999 54.457914 54.106853 54.131292 54.145923 54.233775 54.441715 54.636415 54.829066 55.205724 55.231084 55.217987 55.361507 55.546657 55.731807 55.991085 56.351188 56.680829 56.938832 57.196834 57.454836 57.673334 57.879018 58.084702 58.290387 58.504818 58.799626 59.078552 59.274316 59.65278 59.95711 60.26144 60.544441 60.841648 61.145046 61.446683 61.763609 62.080817 62.36898 62.657422 62.921796 63.18617 63.446717 63.817518 64.187822 64.465852 64.693714 64.921576 65.149437 65.238222 65.472761 65.671948 65.84163 66.011313 66.090997 66.095399 66.27008 66.458723 66.599697 66.584541
-9999 -9999 54.686347 54.367412 54.39195 54.397273 54.513357 54.706008 54.89866 55.091312 55.370493 55.394566 55.458061 55.720892 55.940872 56.055049 56.312767 56.624797 56.960283 57.218286 57.458541 57.664225 57.869909 58.075593 58.281277 58.486962 58.71781 59.012618 59.307427 59.498031 59.797676 60.139059 60.480128 60.764241 61.099651 61.403048 61.703931 61.999357 62.292843 62.590488 62.87014 63.121602 63.370788 63.6637 64.034489 64.405278 64.655778 64.88549 65.115201 65.344912 65.584417 65.73507 65.92397 66.040898 66.171813 66.294944 66.37055 66.514789 66.69794 66.80964 66.794484
-9999 -9999 54.914781 54.62807 54.652608 54.648623 54.791664 54.976466 55.161268 55.353557 55.523707 55.589627 55.888962 56.140571 56.237876 56.405915 56.680149 56.954384 57.239737 57.449432 57.655116 57.8608 58.066484 58.272168 58.477853 58.683537 58.930801 59.22561 59.520419 59.712201 60.156964 60.410961 60.67183 60.940473 61.340924 61.660959 61.951016 62.221393 62.523721 62.82524 63.093437 63.330682 63.567561 63.887034 64.252933 64.591846 64.837973 65.0841 65.314591 65.546946 65.787393 66.007131 66.176412 66.327868 66.421555 66.501462 66.645701 66.78994 66.937157 67.019584 67.0072
-9999 -9999 55.143214 54.888728 54.913266 54.911097 55.074783 55.259256 55.443729 55.628202 55.74169 55.993203 56.26791 56.376413 56.50478 56.746466 57.002583 57.2587 57.4781 57.648945 57.851691 58.057375 58.263059 58.468744 58.674428 58.880112 59.143793 59.438602 59.738552 60.10499 60.404164 60.658536 60.884646 61.205066 61.570024 61.895363 62.172443 62.451369 62.753697 63.046572 63.290159 63.527456 63.764334 64.11282 64.471376 64.770141 65.016268 65.262395 65.508522 65.75076 65.995927 66.248826 66.4249 66.578687 66.721628 66.783382 66.944421 66.965299 66.990405 67.167852 67.260859
-9999 -9999 55.374917 55.149386 55.173924 55.196269 55.388591 55.551669 55.724172 55.891783 56.113341 56.35814 56.632847 56.612255 56.796862 57.041334 57.285807 57.533347 57.763532 57.856252 58.056752 58.257252 58.459635 58.665319 58.871003 59.076687 59.356785 59.598881 60.04373 60.406671 60.555809 60.819667 61.101436 61.414051 61.735936 62.054117 62.3679 62.673569 62.964295 63.238501 63.480121 63.721741 63.984336 64.338607 64.696395 64.981211 65.256738 65.532265 65.807792 66.056016 66.269816 66.55105 66.722516 66.814145 66.954601 67.062569 67.127779 67.388839 67.409842 67.44579 67.481738
-9999 -9999 55.60967 55.410044 55.428481 55.497324 55.715459 55.868027 56.028725 56.219922 56.480676 56.740986 56.867665 56.853844 57.098316 57.34189 57.58077 57.819649 58.03414 58.063559 58.264059 58.464559 58.665059 58.865559 59.067578 59.274968 59.511991 59.918447 60.221143 60.446334 60.743653 61.007084 61.315181 61.639407 61.904542 62.220065 62.584576 62.879104 63.172745 63.428463 63.675904 63.924659 64.236606 64.600652 64.942713 65.225851 65.501573 65.7771 66.061817 66.323199 66.596543 66.826871 66.996906 67.050601 67.181239 67.289207 67.397175 67.5416 67.835141 67.794209 67.75065
-9999 -9999 55.844423 55.670702 55.679831 55.813903 56.062251 56.20429 56.336422 56.502512 56.769562 57.045144 57.097528 57.139151 57.368911 57.607791 57.84667 58.085549 58.268246 58.324643 58.471366 58.671866 58.872366 59.083074 59.298134 59.553991 60.01897 60.307294 60.551429 60.720553 60.974763 61.201532 61.528927 61.877919 62.172814 62.428285 62.788483 63.076158 63.360361 63.639126 63.887881 64.136637 64.486349 64.863475 65.18145 65.464589 65.746408 66.021935 66.319225 66.558431 66.845861 67.070582 67.243155 67.415728 67.412559 67.519937 67.627315 67.734693 67.890918 67.962455 67.918897
-9999 -9999 56.079175 55.931361 55.942959 56.13715 56.385499 56.560991 56.657316 56.820154 57.085918 57.346154 57.32759 57.424608 57.646127 57.873691 58.11257 58.35145 58.502353 58.581101 58.727082 58.938778 59.161974 59.398504 59.635035 59.829031 60.24691 60.462036 60.74693 60.990345 61.193218 61.39598 61.676564 62.053063 62.502412 62.779183 62.971524 63.251771 63.536295 63.821402 64.099859 64.354689 64.736091 65.115962 65.412233 65.69899 65.985746 66.280094 66.557553 66.793263 67.059045 67.258704 67.431465 67.580645 67.664367 67.749862 67.865604 67.97092 67.999688 68.130702 68.087143
-9999 -9999 56.313928 56.192019 56.238878 56.460607 56.708901 56.810805 56.901379 57.153554 57.405729 57.568286 57.557165 57.710064 57.931583 58.153102 58.37847 58.612919 58.735881 58.885869 59.017341 59.244417 59.498874 59.735405 59.897471 60.133337 60.433296 60.655542 60.856811 61.073303 61.343367 61.610888 61.871034 62.304004 62.807121 63.057982 63.244001 63.430624 63.712229 63.997337 64.280102 64.602167 64.979347 65.328647 65.611541 65.898297 66.185053 66.503253 66.752314 67.002855 67.268597 67.446697 67.619774 67.737904 67.84344 67.918598 68.083251 68.194334 68.223102 68.25187 68.29825
-9999 -9999 56.54868 56.452677 56.575676 56.784106 56.969988 57.024487 57.23478 57.457936 57.674118 57.763299 57.776414 57.945899 58.173785 58.40167 58.629555 58.838097 58.946535 59.150855 59.30125 59.464455 59.730994 59.999655 60.131758 60.539076 60.781931 61.022834 61.13257 61.298676 61.574794 61.832739 62.208419 62.630103 63.090839 63.319442 63.507636 63.677321 63.925241 64.224099 64.521151 64.831201 65.219913 65.530159 65.812315 66.097604 66.390672 66.721165 66.965319 67.219989 67.461495 67.635008 67.810526 67.897881 68.0007 68.106236 68.260548 68.416272 68.457393 68.487215 68.537495
-9999 -9999 56.783433 56.719974 56.912474 57.107605 57.196007 57.309684 57.430571 57.643627 57.859808 57.929364 58.046876 58.203095 58.362757 58.523864 58.749198 59.046001 59.199975 59.404294 59.585159 59.686492 59.951077 60.217571 60.391686 60.671166 60.950646 61.218302 61.434658 61.651014 61.806221 62.140844 62.545805 62.956202 63.306155 63.517884 63.729813 63.956031 64.168095 64.466953 64.752453 65.05818 65.426305 65.724666 66.013827 66.296912 66.608279 66.902756 67.146325 67.397321 67.645666 67.840057 67.990981 68.097508 68.196035 68.294287 68.473569 68.626559 68.683509 68.724294 68.781504
-9999 -9999 57.018186 56.963998 57.174999 57.377359 57.45496 57.633606 57.874245 57.910381 58.045499 58.16112 58.317338 58.473557 58.629775 58.789993 58.951417 59.253906 59.453414 59.657733 59.862053 59.928406 60.173115 60.492834 60.659186 60.91266 61.181343 61.405096 61.624339 61.84972 62.096772 62.567132 62.938716 63.288239 63.507892 63.722404 63.936915 64.166955 64.420476 64.700606 64.983755 65.294096 65.589745 65.889326 66.192108 66.494889 66.760219 67.038164 67.311822 67.583203 67.816467 68.040353 68.186162 68.292689 68.395937 68.522066 68.69839 68.836847 68.888707 68.945034 69.038339
