flowtube_testing/tv_dem/tv.bil
NCOLS 85
NROWS 97
XLLCORNER -20.138748
YLLCORNER -219.09288
DX 0.98971445
DY 0.98755464
NODATA_VALUE -9999
[rows 0 to 26 of 97, columns 0 to 60 of 85]
-9999 -9999 -9999 -9999 -9999 -9999 -9999 -9999 -9999 -9999 -9999 -9999 -9999 -9999 -9999 -9999 -9999 -9999 -9999 -9999 -9999 -9999 -9999 -9999 -9999 -9999 -9999 -9999 -9999 -9999 -9999 -9999 -9999 -9999 -9999 -9999 -9999 -9999 -9999 -9999 -9999 -9999 -9999 -9999 -9999 -9999 -9999 -9999 -9999 -9999 -9999 -9999 -9999 -9999 -9999 -9999 -9999 -9999 -9999 -9999 -9999
-9999 -9999 -9999 -9999 -9999 -9999 -9999 -9999 -9999 -9999 -9999 -9999 -9999 -9999 -9999 -9999 -9999 -9999 -9999 -9999 -9999 -9999 -9999 -9999 -9999 -9999 -9999 -9999 -9999 -9999 -9999 -9999 -9999 -9999 -9999 -9999 -9999 -9999 -9999 -9999 -9999 -9999 -9999 -9999 -9999 -9999 -9999 -9999 -9999 -9999 -9999 -9999 -9999 -9999 -9999 -9999 -9999 -9999 -9999 -9999 -9999
-9999 -9999 -9999 -9999 -9999 -9999 -9999 -9999 -9999 -9999 -9999 -9999 -9999 -9999 -9999 -9999 -9999 -9999 -9999 -9999 -9999 -9999 -9999 -9999 -9999 48.823036 49.063022 49.285318 -9999 -9999 -9999 -9999 -9999 -9999 -9999 -9999 -9999 -9999 -9999 -9999 -9999 -9999 -9999 -9999 -9999 -9999 -9999 -9999 -9999 -9999 -9999 -9999 -9999 -9999 -9999 -9999 -9999 -9999 -9999 -9999 -9999
-9999 -9999 -9999 -9999 -9999 -9999 -9999 -9999 -9999 -9999 -9999 -9999 -9999 -9999 -9999 -9999 -9999 -9999 -9999 47.791456 47.944922 48.15806 48.405891 48.653722 48.901553 49.157819 49.438892 49.750669 49.927742 -9999 -9999 -9999 -9999 -9999 -9999 -9999 -9999 -9999 -9999 -9999 -9999 -9999 -9999 -9999 -9999 -9999 -9999 -9999 -9999 -9999 -9999 -9999 -9999 -9999 -9999 -9999 -9999 -9999 -9999 -9999 -9999
-9999 -9999 -9999 -9999 -9999 -9999 -9999 -9999 -9999 -9999 -9999 -9999 -9999 46.831373 46.98484 47.138307 47.291773 47.496072 47.743902 47.991733 48.239564 48.487395 48.735225 48.983407 49.259076 49.492965 49.756441 50.049837 50.317692 50.505068 50.578092 -9999 -9999 -9999 -9999 -9999 -9999 -9999 -9999 -9999 -9999 -9999 -9999 -9999 -9999 -9999 -9999 -9999 -9999 -9999 -9999 -9999 -9999 -9999 -9999 -9999 -9999 -9999 -9999 -9999 -9999
-9999 -9999 -9999 -9999 -9999 -9999 -9999 -9999 46.024758 46.178224 46.331691 46.485157 46.638624 46.834083 47.08273 47.331642 47.580555 47.829467 48.07838 48.343157 48.637035 48.930914 49.224793 49.518671 49.81255 50.036572 50.069527 50.296573 50.552211 50.835003 51.082394 51.155418 -9999 -9999 -9999 -9999 -9999 -9999 -9999 -9999 -9999 -9999 -9999 -9999 -9999 -9999 -9999 -9999 -9999 -9999 -9999 -9999 -9999 -9999 -9999 -9999 -9999 -9999 -9999 -9999 -9999
-9999 -9999 -9999 -9999 -9999 -9999 45.952263 46.132365 46.300673 46.468981 46.637289 46.807018 46.977043 47.173352 47.427238 47.721117 48.004429 48.269186 48.533944 48.798702 49.06346 49.328217 49.592975 49.857733 50.120068 50.141177 50.259618 50.537494 50.798948 51.099941 51.352314 51.604687 51.732744 51.823289 -9999 -9999 -9999 -9999 -9999 -9999 -9999 -9999 -9999 -9999 -9999 -9999 -9999 -9999 -9999 -9999 -9999 -9999 -9999 -9999 -9999 -9999 -9999 -9999 -9999 -9999 -9999
-9999 -9999 -9999 -9999 -9999 -9999 46.299003 46.392094 46.644351 46.903348 47.162344 47.277836 47.35503 47.432223 47.66324 47.927997 48.192755 48.457513 48.722271 48.987028 49.251786 49.516544 49.781301 50.05681 50.238431 50.286496 50.496223 50.774099 51.045685 51.341392 51.617252 51.869625 52.121998 52.310069 52.392184 -9999 -9999 -9999 -9999 -9999 -9999 -9999 -9999 -9999 -9999 -9999 -9999 -9999 -9999 -9999 -9999 -9999 -9999 -9999 -9999 -9999 -9999 -9999 -9999 -9999 -9999
-9999 -9999 -9999 -9999 -9999 -9999 46.636157 46.652028 46.881964 47.140961 47.399958 47.506748 47.608313 47.707423 47.854054 48.116324 48.381081 48.645839 48.910597 49.175355 49.440112 49.705171 49.982929 50.260687 50.419133 50.528495 50.754668 51.010703 51.288579 51.548059 51.882191 52.134563 52.386936 52.639309 52.887395 52.96108 53.069189 -9999 -9999 -9999 -9999 -9999 -9999 -9999 -9999 -9999 -9999 -9999 -9999 -9999 -9999 -9999 -9999 -9999 -9999 -9999 -9999 -9999 -9999 -9999 -9999
-9999 -9999 -9999 -9999 -9999 46.656628 46.764811 46.932918 47.143769 47.378574 47.622309 47.723874 47.825438 47.932645 48.071913 48.307561 48.569408 48.834166 49.098923 49.363681 49.631291 49.909049 50.210274 50.506006 50.667226 50.782914 51.021583 51.260253 51.525184 51.794796 52.147129 52.399502 52.651875 52.904247 53.15662 53.408993 53.537745 53.638084 -9999 -9999 -9999 -9999 -9999 -9999 -9999 -9999 -9999 -9999 -9999 -9999 -9999 -9999 -9999 -9999 -9999 -9999 -9999 -9999 -9999 -9999 -9999
-9999 -9999 -9999 -9999 -9999 47.025056 47.393615 47.440102 47.486589 47.635511 47.839434 47.947205 48.060385 48.173564 48.311948 48.550205 48.78266 49.022912 49.28725 49.55741 49.861325 50.168145 50.462355 50.756564 50.921763 51.055323 51.289021 51.527169 51.765838 52.039664 52.357781 52.66444 52.916813 53.169186 53.421558 53.673931 53.926304 54.115071 54.206979 54.315088 -9999 -9999 -9999 -9999 -9999 -9999 -9999 -9999 -9999 -9999 -9999 -9999 -9999 -9999 -9999 -9999 -9999 -9999 -9999 -9999 -9999
-9999 -9999 -9999 -9999 47.03682 47.320562 47.496734 47.687334 47.801008 47.914683 48.042484 48.187191 48.301303 48.414482 48.551984 48.794336 49.027522 49.259978 49.520759 49.820329 50.124494 50.418703 50.713425 51.008867 51.179444 51.329299 51.562997 51.796695 52.032754 52.276268 52.560723 52.929378 53.181751 53.434124 53.686497 53.938869 54.191242 54.443615 54.692397 54.775875 54.883984 -9999 -9999 -9999 -9999 -9999 -9999 -9999 -9999 -9999 -9999 -9999 -9999 -9999 -9999 -9999 -9999 -9999 -9999 -9999 -9999
-9999 -9999 -9999 -9999 47.308148 47.399168 47.532763 47.778486 47.968798 48.082473 48.219072 48.363779 48.508486 48.653193 48.79202 49.034372 49.278154 49.54107 49.819242 50.088015 50.379513 50.674097 50.969538 51.26498 51.407462 51.629774 51.836973 52.070671 52.304368 52.538339 52.790644 53.171228 53.446689 53.699062 53.951435 54.203808 54.456181 54.708553 54.960926 55.213299 55.34477 55.452879 -9999 -9999 -9999 -9999 -9999 -9999 -9999 -9999 -9999 -9999 -9999 -9999 -9999 -9999 -9999 -9999 -9999 -9999 -9999
-9999 -9999 -9999 -9999 47.670946 47.714854 47.733842 47.903615 48.073388 48.250953 48.39566 48.563937 48.75762 48.949866 49.130067 49.327829 49.582318 49.823779 50.079178 50.354572 50.646071 50.937569 51.229067 51.494652 51.630371 51.898159 52.206037 52.43007 52.636404 52.842737 53.04907 53.37417 53.711627 53.964 54.216373 54.468746 54.721119 54.973492 55.225864 55.478237 55.73061 55.920073 56.021774 56.129883 -9999 -9999 -9999 -9999 -9999 -9999 -9999 -9999 -9999 -9999 -9999 -9999 -9999 -9999 -9999 -9999 -9999
-9999 -9999 -9999 47.692695 47.67304 47.890384 48.033137 48.114091 48.283864 48.454455 48.628582 48.812093 48.995604 49.179115 49.362625 49.607857 49.855877 50.098908 50.340368 50.621129 50.902342 51.17966 51.456979 51.708728 51.855578 52.163456 52.471334 52.779212 53.024033 53.230366 53.45783 53.759821 53.989692 54.248617 54.481311 54.733684 54.986057 55.23843 55.490803 55.743175 55.995548 56.247921 56.497399 56.59067 56.698779 -9999 -9999 -9999 -9999 -9999 -9999 -9999 -9999 -9999 -9999 -9999 -9999 -9999 -9999 -9999 -9999
-9999 -9999 -9999 48.188983 47.893858 48.047673 48.187723 48.351421 48.494882 48.665917 48.836953 49.007988 49.191424 49.374935 49.577855 49.836718 50.084738 50.333451 50.585496 50.849713 51.123247 51.39678 51.673585 51.920034 52.118522 52.425295 52.734856 53.044416 53.352386 53.617995 53.804515 53.941723 54.239604 54.57236 54.847926 55.062228 55.276529 55.503368 55.755741 56.008114 56.260486 56.512859 56.765232 57.017605 57.159565 57.267674 57.375783 -9999 -9999 -9999 -9999 -9999 -9999 -9999 -9999 -9999 -9999 -9999 -9999 -9999 -9999
-9999 -9999 -9999 48.085242 48.112491 48.271297 48.422305 48.565214 48.724856 48.88724 49.049623 49.21945 49.390486 49.570756 49.802927 50.066329 50.318374 50.570419 50.822464 51.085301 51.355098 51.628632 51.902165 52.145116 52.380665 52.682394 52.988602 53.298162 53.607723 53.853698 53.986417 54.160934 54.489711 54.819486 55.155029 55.447235 55.661536 55.875838 56.09014 56.304441 56.525425 56.777798 57.03017 57.282543 57.534916 57.72846 57.836569 57.944678 -9999 -9999 -9999 -9999 -9999 -9999 -9999 -9999 -9999 -9999 -9999 -9999 -9999
-9999 -9999 -9999 48.304176 48.393461 48.532838 48.672215 48.811222 48.970415 49.132798 49.295181 49.457564 49.619948 49.78239 49.980889 50.240085 50.521074 50.802062 51.059433 51.322972 51.588042 51.860483 52.130107 52.373473 52.642808 52.944538 53.246267 53.551909 53.861469 54.042513 54.173596 54.477296 54.739818 55.068594 55.402154 55.737697 56.046543 56.260845 56.475147 56.689448 56.90375 57.118051 57.332353 57.547481 57.799854 58.052227 58.3024 58.405464 58.513574 58.621683 -9999 -9999 -9999 -9999 -9999 -9999 -9999 -9999 -9999 -9999 -9999
-9999 -9999 -9999 48.515439 48.580232 48.833031 48.888344 49.05723 49.215973 49.378356 49.540739 49.703186 49.865905 50.028624 50.17282 50.384282 50.686003 50.987723 51.289444 51.557073 51.824646 52.092335 52.353428 52.595679 52.902035 53.205333 53.50841 53.81014 54.100246 54.22592 54.485417 54.980547 55.203883 55.403334 55.692765 55.992738 56.320365 56.645852 56.860153 57.074455 57.288757 57.503058 57.71736 57.931662 58.145963 58.360265 58.574567 58.821911 58.97436 59.082469 59.190578 -9999 -9999 -9999 -9999 -9999 -9999 -9999 -9999 -9999 -9999
-9999 -9999 -9999 48.726701 48.666444 49.083251 49.103628 49.219803 49.461531 49.623983 49.786702 49.949421 50.112139 50.274858 50.416949 50.621303 50.892073 51.203896 51.523727 51.828156 52.116525 52.348509 52.572861 52.82141 53.13852 53.454551 53.757849 54.061148 54.301189 54.417234 54.881175 55.239147 55.481805 55.686876 56.000078 56.37336 56.701975 56.991398 57.219396 57.432128 57.646311 57.860494 58.074677 58.28886 58.503043 58.717226 58.931408 59.129471 59.408231 59.483759 59.582003 59.675254 -9999 -9999 -9999 -9999 -9999 -9999 -9999 -9999 -9999
-9999 -9999 -9999 48.935569 48.879024 49.117361 49.494304 49.395024 49.683908 49.860362 50.024952 50.186687 50.348422 50.510157 50.657341 50.892319 51.127296 51.390339 51.719288 52.086938 52.417331 52.616012 52.814693 53.051557 53.368667 53.685777 54.002887 54.310366 54.511371 54.739739 55.252052 55.49471 55.737368 55.970418 56.30739 56.67907 57.028837 57.28334 57.503947 57.741415 57.962599 58.163533 58.358024 58.543534 58.730667 58.9178 59.244869 59.583128 59.762176 59.795395 59.893639 59.967556 60.020424 -9999 -9999 -9999 -9999 -9999 -9999 -9999 -9999
-9999 -9999 -9999 49.140473 49.091603 49.38362 49.640592 49.586682 49.76976 50.049875 50.226737 50.396294 50.568027 50.739759 50.928357 51.163657 51.404281 51.644905 51.911868 52.275992 52.564985 52.791581 53.018177 53.287542 53.619364 53.935565 54.251766 54.567967 54.783006 55.085964 55.510278 55.7266 55.97185 56.225269 56.566253 56.909482 57.237949 57.50003 57.782789 57.979732 58.161448 58.362382 58.65672 58.887885 59.036335 59.367794 59.758026 60.082584 60.112151 60.141717 60.205276 60.259859 60.312726 60.365594 -9999 -9999 -9999 -9999 -9999 -9999 -9999
-9999 -9999 -9999 49.345377 49.304183 49.508546 49.736261 49.810433 49.993511 50.176589 50.415843 50.601377 50.760494 50.932226 51.181422 51.473766 51.766094 51.999823 52.223387 52.462835 52.728702 52.995869 53.263035 53.530202 53.879718 54.231933 54.548134 54.836373 55.080887 55.433818 55.784723 55.975291 56.187103 56.487106 56.832501 57.186139 57.497005 57.772358 58.073587 58.242109 58.416792 58.567085 58.896963 59.192391 59.404505 59.655605 60.04631 60.354315 60.382739 60.411164 60.484218 60.552161 60.605029 60.657896 60.705464 -9999 -9999 -9999 -9999 -9999 -9999
-9999 -9999 -9999 49.550282 49.516762 49.715295 49.851106 50.034185 50.217263 50.400341 50.583419 50.781811 50.976017 51.134729 51.372775 51.633389 51.894004 52.173283 52.439551 52.702064 52.979166 53.246552 53.513349 53.780146 54.091862 54.459039 54.826215 55.141971 55.430494 55.753577 56.0372 56.226681 56.416161 56.776602 57.13024 57.473925 57.761611 58.044686 58.364385 58.546849 58.672566 58.853073 59.321122 59.455663 59.631241 59.90477 60.066708 60.418308 60.555175 60.5836 60.713018 60.826913 60.897331 60.950199 61.003066 61.034871 -9999 -9999 -9999 -9999 -9999
-9999 -9999 -9999 49.755186 49.72077 50.109781 50.085661 50.266317 50.446973 50.627628 50.808284 50.990248 51.173326 51.352131 51.570288 51.836958 52.133949 52.415473 52.682788 52.933941 53.19601 53.494101 53.765516 54.032801 54.304837 54.624423 54.9916 55.186543 55.498275 56.02185 56.262906 56.450391 56.647749 57.06599 57.427978 57.738531 58.01847 58.280596 58.631591 58.784855 58.853734 59.239685 59.53926 59.71765 59.869592 60.237529 60.354985 60.471282 60.727611 60.803487 60.940352 61.064329 61.169607 61.242501 61.295369 61.348237 61.364277 -9999 -9999 -9999 -9999
-9999 -9999 -9999 49.960091 49.954583 50.15886 50.323302 50.503958 50.684613 50.865269 51.035115 51.202808 51.3705 51.613303 51.777719 52.072011 52.366304 52.6569 52.925976 53.165818 53.412854 53.710945 54.009037 54.285956 54.557992 54.830027 55.129426 55.442309 55.813274 56.290123 56.489057 56.676323 56.897891 57.320963 57.713409 57.974734 58.236059 58.499054 58.888786 58.959024 59.024612 59.374827 59.553217 59.810887 60.159046 60.5388 60.688902 60.8052 60.887313 61.030821 61.167686 61.301745 61.407023 61.512301 61.584357 61.640539 61.693407 61.693683 -9999 -9999 -9999
-9999 -9999 -9999 50.164995 50.169124 50.359568 50.556689 50.705283 50.864631 51.032324 51.200016 51.367709 51.550013 51.873564 52.116381 52.355445 52.573238 52.827591 53.130687 53.396949 53.630809 53.93421 54.237611 54.512942 54.78354 55.05606 55.333431 55.731035 56.128638 56.511401 56.676791 56.837012 57.150433 57.510586 57.898278 58.192323 58.454445 58.745304 58.960315 59.114854 59.19549 59.441528 59.751852 60.062175 60.440873 60.820684 60.915613 60.9688 61.067341 61.240673 61.395021 61.531886 61.644439 61.749717 61.854995 61.926157 61.985709 62.038577 -9999 -9999 -9999
