flowtube_testing/tv_dem/tv.bil
NCOLS 85
NROWS 97
XLLCORNER -20.138748
YLLCORNER -219.09288
DX 0.98971445
DY 0.98755464
NODATA_VALUE -9999
[rows 54 to 80 of 97, columns 0 to 60 of 85]
-9999 -9999 57.252938 57.239867 57.486602 57.63196 57.716888 57.957527 58.198167 58.39748 58.317366 58.451604 58.601221 58.750839 58.900456 59.056455 59.212901 59.421057 59.701439 59.908191 60.114943 60.223318 60.378549 60.608601 60.935753 61.275927 61.579554 61.767054 61.92407 62.136399 62.501839 62.857427 63.239173 63.465085 63.706988 63.929506 64.144017 64.37711 64.658686 64.95249 65.237308 65.538558 65.789733 66.092515 66.395297 66.674328 66.90296 67.1937 67.485399 67.763382 67.952004 68.105263 68.270556 68.440229 68.594397 68.748063 68.919491 69.014475 69.065958 69.151529 69.266604
-9999 -9999 57.512434 57.599024 57.798205 57.884073 58.025951 58.261637 58.502259 58.666346 58.551644 58.754072 58.937152 59.086769 59.236386 59.362829 59.457642 59.696336 59.93503 60.141579 60.334861 60.431705 60.674664 60.903111 61.124215 61.450215 61.78757 62.110508 62.370315 62.477096 62.866992 63.212725 63.423324 63.64183 63.883733 64.125636 64.35112 64.587265 64.901174 65.23236 65.521886 65.786962 66.030135 66.295704 66.598486 66.849866 67.098488 67.374568 67.665326 67.9338 68.145641 68.315541 68.437111 68.602321 68.771781 68.962879 69.132625 69.189825 69.243208 69.358024 69.483147
-9999 -9999 57.782983 57.916106 58.044216 58.131273 58.332295 58.559333 58.799955 58.86541 58.801633 59.023591 59.24555 59.4227 59.572317 59.650815 59.74069 60.01426 60.258529 60.437803 60.553971 60.791289 61.078685 61.166723 61.401448 61.638811 61.944482 62.262703 62.591198 62.925929 63.183426 63.392188 63.600951 63.883195 64.096624 64.324757 64.55289 64.822875 65.130605 65.448777 65.783326 66.035365 66.278538 66.521711 66.799213 67.034203 67.297134 67.569461 67.848324 68.099826 68.343304 68.549225 68.634371 68.788345 68.969461 69.160559 69.304521 69.364331 69.439395 69.564518 69.689641
-9999 -9999 58.126952 58.17866 58.282444 58.412026 58.63864 58.865254 59.097652 59.064474 59.075217 59.29362 59.515069 59.737028 59.868897 59.847743 60.018508 60.292078 60.545222 60.675497 60.796465 61.005635 61.269496 61.485795 61.657184 61.931054 62.182031 62.428634 62.737837 63.059126 63.317227 63.566551 63.775313 64.155261 64.338137 64.56627 64.795853 65.0768 65.400396 65.661111 65.995289 66.2249 66.478819 66.732739 66.98616 67.22806 67.503054 67.779023 68.027255 68.256999 68.499445 68.750971 68.857466 68.976043 69.170201 69.366397 69.468736 69.528546 69.639313 69.766563 69.893787
-9999 -9999 -9999 58.495094 58.561249 58.716333 58.942382 59.168432 59.312522 59.271879 59.363447 59.566578 59.787969 60.009361 60.07646 60.047314 60.26749 60.515288 60.763086 60.891849 61.091376 61.314235 61.502837 61.721788 61.946391 62.302434 62.624037 62.796273 63.019561 63.245879 63.474418 63.702956 63.945611 64.391586 64.606338 64.807784 65.092321 65.459244 65.692105 65.91757 66.209089 66.425221 66.666474 66.920394 67.175821 67.437257 67.71839 68.006303 68.221616 68.401465 68.667295 68.928057 69.017436 69.190176 69.376575 69.531476 69.632952 69.710464 69.83782 69.965142 70.092366
-9999 -9999 -9999 58.780353 58.846509 59.029144 59.241758 59.467807 59.513904 59.47951 59.651678 59.854059 60.060927 60.24637 60.292955 60.330272 60.538606 60.746941 60.98095 61.193749 61.45155 61.691 61.90565 62.1039 62.22913 62.474054 62.711021 63.027475 63.416194 63.655312 63.867167 64.079021 64.290876 64.642768 64.887658 65.082786 65.414334 65.677822 65.914134 66.18488 66.422889 66.63902 66.855152 67.108071 67.377138 67.657669 67.940996 68.233582 68.415978 68.593627 68.898303 69.069306 69.215115 69.416579 69.600591 69.696996 69.797167 69.908971 70.036327 70.163684 70.290945
-9999 -9999 -9999 59.073617 59.149225 59.350059 59.550892 59.742918 59.715286 59.724537 59.921727 60.125294 60.328861 60.444575 60.49651 60.629256 60.831302 61.023377 61.211383 61.42573 61.658921 61.88377 62.141881 62.417727 62.464866 62.744186 62.945733 63.120293 63.485816 63.834272 64.103752 64.373233 64.642714 64.886723 65.120408 65.374857 65.655191 65.871919 66.074634 66.398465 66.631509 66.84946 67.067412 67.311951 67.60927 67.882433 68.156424 68.450297 68.678183 68.897865 69.224696 69.266985 69.434008 69.642424 69.790828 69.881391 69.985998 70.11111 70.234835 70.362191 70.489524
-9999 -9999 -9999 59.397836 59.469398 59.659585 59.849772 59.958636 59.940116 59.996877 60.127877 60.326729 60.527182 60.593804 60.702449 60.889115 61.07449 61.262565 61.435527 61.629902 61.873114 62.096129 62.306125 62.569019 62.780649 63.059969 63.339288 63.618608 63.678876 63.967585 64.237066 64.522157 64.82463 65.127104 65.389194 65.662742 65.910823 66.129298 66.342944 66.621253 66.839205 67.059586 67.287811 67.55526 67.835879 68.101671 68.370909 68.645494 68.891321 69.136196 69.530793 69.503053 69.658013 69.866469 69.977668 70.071607 70.19716 70.328243 70.451138 70.574032 70.694118
-9999 -9999 -9999 -9999 59.769888 59.929127 60.093028 60.148159 60.165855 60.269217 60.400217 60.531218 60.676411 60.800503 60.965209 61.151875 61.338541 61.524279 61.745174 61.954043 62.149159 62.377682 62.568596 62.729327 63.038039 63.312223 63.586406 63.86059 64.058716 64.183629 64.4734 64.771635 65.075233 65.378831 65.687284 65.966819 66.156707 66.358546 66.595038 66.829681 67.057907 67.286132 67.527853 67.78504 67.96297 68.273019 68.586701 68.840691 69.09212 69.397771 69.637663 69.653553 69.881739 70.074701 70.168302 70.276538 70.408322 70.540106 70.66827 70.791165 70.879068
-9999 -9999 -9999 -9999 60.092367 60.213173 60.284856 60.345854 60.417075 60.553899 60.690618 60.827337 60.9106 61.041302 61.227968 61.414635 61.601301 61.757728 62.034612 62.268962 62.448756 62.642389 62.836328 63.024186 63.266683 63.540867 63.81505 64.081937 64.34276 64.536507 64.826279 65.11605 65.403358 65.685238 65.976828 66.21902 66.40259 66.587794 66.822427 67.084623 67.282726 67.512678 67.745122 67.957378 68.160669 68.47412 68.781857 69.033719 69.284547 69.501644 69.734851 69.869411 70.105464 70.265621 70.358968 70.487699 70.619483 70.751267 70.883051 71.008298 71.064017
-9999 -9999 -9999 -9999 -9999 60.452462 60.558448 60.633226 60.731778 60.87065 61.007368 61.12672 61.183366 61.286833 61.481116 61.612463 61.743809 61.875156 62.181537 62.491852 62.697949 62.905464 63.11298 63.319046 63.506904 63.769511 64.043694 64.300886 64.582979 64.863595 65.15267 65.43455 65.71643 65.99831 66.273728 66.478382 66.656957 66.835382 67.311936 67.464768 67.592627 67.736819 67.955004 68.167431 68.359223 68.676478 68.974263 69.217663 69.449533 69.75074 69.847587 70.085268 70.32295 70.457159 70.563298 70.701886 70.832849 70.963813 71.094776 71.225177 71.248966
-9999 -9999 -9999 -9999 -9999 60.691751 60.807055 60.898034 61.027457 61.185251 61.324118 61.375018 61.418861 61.55595 61.693039 61.878862 62.092655 62.305195 62.538606 62.772018 63.00543 63.200283 63.395665 63.591047 63.791088 63.99777 64.265389 64.582643 64.878671 65.147367 65.416063 65.697615 66.009079 66.311382 66.521986 66.72664 66.918715 67.226771 67.469391 67.653188 67.781048 67.958195 68.165566 68.413598 68.588313 68.884366 69.150891 69.38265 69.61452 69.999835 70.094433 70.305576 70.54041 70.650043 70.771172 70.911679 71.047901 71.178865 71.309828 71.421603 71.454021
-9999 -9999 -9999 -9999 -9999 -9999 61.051847 61.146641 61.251182 61.408975 61.545383 61.559392 61.687978 61.822766 61.956338 62.09217 62.349038 62.574033 62.812281 63.052184 63.285595 63.519007 63.708842 63.900437 64.095819 64.291202 64.568749 64.903304 65.172001 65.440697 65.709393 65.978089 66.246785 66.531636 66.757067 66.96885 67.179551 67.396184 67.605082 67.81398 67.969468 68.161306 68.337253 68.653683 68.89502 69.182567 69.325943 69.554179 69.775003 70.193348 70.379832 70.526986 70.724485 70.842927 70.979046 71.119553 71.260061 71.393917 71.52488 71.617468 71.662778
-9999 -9999 -9999 -9999 -9999 -9999 61.300741 61.396615 61.497274 61.632699 61.707559 61.800221 61.924684 62.058236 62.191808 62.395387 62.620382 62.845376 63.070371 63.304302 63.56459 63.799173 64.032584 64.223471 64.405209 64.600592 64.839995 65.099083 65.387726 65.704526 66.000203 66.269006 66.537809 66.803963 67.027247 67.243364 67.456438 67.64811 67.830529 68.012949 68.17719 68.321644 68.547494 68.863924 69.180355 69.398887 69.537497 69.729231 69.933405 70.251304 70.511626 70.770814 70.902737 71.024485 71.180326 71.327427 71.467935 71.608442 71.73484 71.813334 71.871536
-9999 -9999 -9999 -9999 -9999 -9999 -9999 61.648036 61.74766 61.85191 61.947978 62.047354 62.160216 62.293755 62.472224 62.66673 62.891725 63.11672 63.341715 63.56671 63.796323 64.056611 64.31275 64.546162 64.738099 64.909982 65.133245 65.384681 65.675302 65.965923 66.25234 66.535679 66.828068 67.080607 67.310473 67.526616 67.735715 67.934147 68.106741 68.279334 68.428055 68.58474 68.761294 69.056993 69.389065 69.602381 69.750236 69.904283 70.091808 70.309259 70.586208 70.864905 71.042561 71.186702 71.360069 71.50828 71.65649 71.804701 71.931027 72.009407 72.098577
-9999 -9999 -9999 -9999 -9999 -9999 -9999 -9999 62.006661 62.105333 62.212107 62.372495 62.532884 62.693272 62.863368 63.042236 63.221104 63.391293 63.613058 63.838053 64.063048 64.288344 64.548632 64.808921 65.059739 65.252728 65.412554 65.670279 65.9609 66.251521 66.542143 66.832764 67.116881 67.351989 67.587096 67.807918 68.021444 68.206245 68.371676 68.539862 68.70634 68.857588 69.020475 69.276937 69.611673 69.788168 69.936967 70.156111 70.354707 70.534664 70.710007 70.971236 71.182385 71.348919 71.523372 71.688022 71.836233 71.984444 72.117051 72.206784 72.284733
-9999 -9999 -9999 -9999 -9999 -9999 -9999 -9999 -9999 62.494161 62.654549 62.814938 62.975326 63.135714 63.296103 63.456491 63.61688 63.791117 63.969985 64.140829 64.334391 64.559386 64.784381 65.040653 65.300942 65.56123 65.712236 65.955877 66.246499 66.53712 66.829251 67.121487 67.389663 67.624936 67.860774 68.098736 68.31368 68.480965 68.634088 68.763462 68.908132 69.061801 69.295894 69.513918 69.791608 69.96525 70.123697 70.439083 70.681544 70.821879 70.983829 71.162155 71.336682 71.511135 71.685588 71.860041 72.015976 72.1602 72.28983 72.404161 72.481856
-9999 -9999 -9999 -9999 -9999 -9999 -9999 -9999 -9999 -9999 -9999 63.159427 63.351632 63.543836 63.736041 63.898934 64.059322 64.21971 64.380099 64.540487 64.718866 64.890366 65.055725 65.280719 65.532674 65.77673 65.977899 66.245675 66.537331 66.829567 67.121802 67.395256 67.660364 67.902712 68.140916 68.379119 68.58866 68.707828 68.826997 68.9617 69.104608 69.338906 69.5676 69.779874 69.968615 70.142332 70.310428 70.722054 71.006589 71.070597 71.201151 71.36951 71.514951 71.683935 71.85292 72.022258 72.195719 72.332979 72.462609 72.594015 72.699394
-9999 -9999 -9999 -9999 -9999 -9999 -9999 -9999 -9999 -9999 -9999 -9999 -9999 63.819603 64.016513 64.208718 64.400922 64.593127 64.785331 64.977536 65.143318 65.303706 65.467746 65.639903 65.799841 66.044652 66.325611 66.588288 66.850965 67.122117 67.398479 67.647792 67.898641 68.168892 68.406836 68.622937 68.775108 68.900737 69.019906 69.162744 69.319252 69.55247 69.754842 69.960424 70.143463 70.317524 70.501602 70.660112 70.86621 71.137017 71.407824 71.538561 71.693874 71.862859 72.031844 72.209032 72.409077 72.535687 72.672663 72.816118 72.993734
-9999 -9999 -9999 -9999 -9999 -9999 -9999 -9999 -9999 -9999 -9999 -9999 -9999 -9999 -9999 -9999 64.681395 64.8736 65.065804 65.258009 65.450213 65.642418 65.834622 66.026827 66.219031 66.404415 66.658981 66.896731 67.134482 67.372733 67.619354 67.868667 68.132527 68.403289 68.626111 68.829458 68.95626 69.083063 69.220975 69.377388 69.533896 69.751577 69.941836 70.140975 70.318311 70.494307 70.686852 70.864513 71.083093 71.34369 71.598644 71.707612 71.872798 72.070359 72.270405 72.47045 72.638634 72.75499 72.888286 73.043499 73.213717
-9999 -9999 -9999 -9999 -9999 -9999 -9999 -9999 -9999 -9999 -9999 -9999 -9999 -9999 -9999 -9999 -9999 -9999 65.346277 65.538481 65.730686 65.92289 66.115095 66.307299 66.499504 66.691708 66.890952 67.117837 67.355588 67.596342 67.841642 68.089542 68.352487 68.596929 68.83932 69.010611 69.141604 69.276599 69.431794 69.597516 69.74854 69.939189 70.129448 70.319135 70.495288 70.671441 70.872102 71.068914 71.309264 71.560065 71.772599 71.921527 72.135333 72.331778 72.531823 72.731868 72.866459 72.982815 73.103909 73.260497 73.402829
-9999 -9999 -9999 -9999 -9999 -9999 -9999 -9999 -9999 -9999 -9999 -9999 -9999 -9999 -9999 -9999 -9999 -9999 -9999 -9999 65.988876 66.203363 66.395568 66.587772 66.779977 66.972181 67.164386 67.366216 67.585461 67.815842 68.058936 68.302103 68.54658 68.791057 69.047639 69.210003 69.338463 69.473455 69.643685 69.829646 69.983959 70.131267 70.314527 70.504486 70.677866 70.847665 71.222794 71.548234 71.536798 71.787833 71.98066 72.1654 72.403487 72.605623 72.801764 72.974647 73.086273 73.202184 73.31951 73.449608 73.59194
-9999 -9999 -9999 -9999 -9999 -9999 -9999 -9999 -9999 -9999 -9999 -9999 -9999 -9999 -9999 -9999 -9999 -9999 -9999 -9999 -9999 -9999 -9999 66.868245 67.060449 67.252654 67.444858 67.637063 67.841481 68.059388 68.268666 68.497614 68.741632 69.01884 69.272334 69.436416 69.564876 69.692973 69.88777 70.075092 70.226148 70.373455 70.520762 70.689098 70.860795 71.008146 71.347268 71.617432 71.877178 72.01615 72.188721 72.409274 72.647361 72.879771 73.075912 73.196558 73.293858 73.409769 73.541932 73.700096 73.809745
-9999 -9999 -9999 -9999 -9999 -9999 -9999 -9999 -9999 -9999 -9999 -9999 -9999 -9999 -9999 -9999 -9999 -9999 -9999 -9999 -9999 -9999 -9999 -9999 -9999 67.533127 67.725331 67.917536 68.10974 68.316746 68.529842 68.73912 68.984776 69.286954 69.481463 69.650043 69.791289 69.918239 70.09167 70.320538 70.468336 70.613486 70.754344 70.895201 71.030905 71.171697 71.426885 71.68663 71.946376 72.236155 72.384475 72.641634 72.88648 73.129321 73.333946 73.418469 73.502992 73.617353 73.764353 73.931447 74.061808
-9999 -9999 -9999 -9999 -9999 -9999 -9999 -9999 -9999 -9999 -9999 -9999 -9999 -9999 -9999 -9999 -9999 -9999 -9999 -9999 -9999 -9999 -9999 -9999 -9999 -9999 -9999 68.15815 68.390213 68.582417 68.791018 69.000296 69.233633 69.504675 69.682069 69.859172 70.017702 70.143505 70.287504 70.530159 70.674768 70.815701 70.956558 71.098725 71.243197 71.520556 71.622345 71.913289 72.204233 72.434834 72.57743 72.854254 73.0991 73.343945 73.51963 73.632358 73.724902 73.824938 73.986775 74.153869 74.313872
-9999 -9999 -9999 -9999 -9999 -9999 -9999 -9999 -9999 -9999 -9999 -9999 -9999 -9999 -9999 -9999 -9999 -9999 -9999 -9999 -9999 -9999 -9999 -9999 -9999 -9999 -9999 -9999 -9999 -9999 69.055095 69.259406 69.482491 69.696271 69.873665 70.057151 70.245697 70.398041 70.534581 70.726779 70.871388 71.015997 71.158772 71.313463 71.48262 71.808704 72.04579 72.17231 72.456711 72.598114 72.770385 73.055978 73.31172 73.556565 73.6856 73.798327 73.911054 74.050954 74.224465 74.397639 74.567566
-9999 -9999 -9999 -9999 -9999 -9999 -9999 -9999 -9999 -9999 -9999 -9999 -9999 -9999 -9999 -9999 -9999 -9999 -9999 -9999 -9999 -9999 -9999 -9999 -9999 -9999 -9999 -9999 -9999 -9999 -9999 -9999 69.713695 69.905408 70.095885 70.286362 70.471597 70.637279 70.784363 70.93039 71.079692 71.228994 71.377085 71.544436 71.724749 71.971769 72.199393 72.43932 72.619462 72.761394 72.963341 73.248934 73.52434 73.738843 73.85157 73.982782 74.144737 74.310711 74.488473 74.662038 74.821988
